w: 279, h: 266
min_x: 8.0, max_x: 52.0, extent_x: 44.0, scale_x: 6.340909090909091
min_y: 8.0, max_y: 52.0, extent_y: 44.0, scale_y: 6.045454545454546
scale: 5.440909090909091, zoom: 1.0
moves len: 2
first move: {'type': 'print', 'x1': 10, 'y1': 10, 'x2': 20, 'y2': 20, 'vpi': 0.5}
